このディレクトリはグラフ理論に関するディレクトリです。

入力グラフ例
1)
9 12
0 1
0 2
0 4
1 3
1 8
2 5
3 7
3 8
4 8
5 6
5 8
6 7

2)
URL: https://camo.qiitausercontent.com/aba36189a40a3c60ef0b96fdfb8d7c03722ac863/68747470733a2f2f71696974612d696d6167652d73746f72652e73332e61702d6e6f727468656173742d312e616d617a6f6e6177732e636f6d2f302f3138323936332f34393330323434332d396432622d306535642d346166362d6533306137343137323931662e706e67

15 14
0 1
0 4
0 11
1 2
1 3
4 5
4 8
5 6
5 7
8 9
8 10
11 12
11 13
13 14

3)
9 13
0 1
0 4
0 2
1 4
1 3
1 8
2 5
3 8
4 8
5 8
5 6
3 7
6 7

4)
8 12
4 1
4 6
4 2
1 6
1 3
6 7
2 5
2 7
3 0
3 7
7 0
0 5


=============================================
参考URL

1. https://qiita.com/e869120/items/702ca1c1ed6ff6770257#5-4-%E3%82%B0%E3%83%A9%E3%83%95%E3%82%92%E9%9A%A3%E6%8E%A5%E3%83%AA%E3%82%B9%E3%83%88%E3%81%A7%E6%8C%81%E3%81%A4-vector

2. https://qiita.com/drken/items/4a7869c5e304883f539b